[env]
ENSEMBLE_MEMBER=10

[namelist:jules_pftparm(brd_leaf)]
z0hm_pft_io=1.00

[namelist:jules_pftparm(c3_grass)]
z0hm_pft_io=0.022
z0v_io=0.1

[namelist:jules_pftparm(c4_grass)]
z0hm_pft_io=0.022
z0v_io=0.1

[namelist:jules_pftparm(ndl_leaf)]
z0hm_pft_io=1.00

[namelist:jules_pftparm(shrub)]
z0hm_pft_io=0.025
z0v_io=0.4

[namelist:microphysics]
droplet_tpr=.true.
ndrop_surf=10.0e6
z_surf=50.0

[namelist:physics]
stochastic_physics_placement='fast'

[namelist:section_choice]
stochastic_physics='um'

[namelist:stochastic_physics]
rp_bl_a_ent_1=0.100,0.230,0.400
rp_bl_a_ent_shr=1.6
rp_bl_a_ent_shr_max=5.0
rp_bl_cbl_mix_fac=0.0,0.5,1.0
rp_bl_cld_top_diffusion=0.500,0.850,1.500
rp_bl_min_mix_length=8.0,40.0,120.0
rp_bl_neutral_mix_length=0.03,0.15,0.45
rp_bl_ricrit=0.25,1.0,2.0
rp_bl_smag_coef=0.01,0.2,1.0
rp_bl_stable_ri_coef=5.000,10.000,20.000
rp_callfreq=300
rp_cycle_in=.false.
rp_cycle_out=.false.
rp_decorr_ts=604800.0
rp_lsfc_alnir=0.341,0.272,0.369,0.368,0.395
rp_lsfc_alnir_max=0.5,0.45,0.7,0.7,0.7
rp_lsfc_alnir_min=0.3,0.2,0.3,0.3,0.3
rp_lsfc_alpar=0.057,0.041,0.071,0.083,0.074
rp_lsfc_alpar_max=0.15,0.11,0.2,0.2,0.2
rp_lsfc_alpar_min=0.05,0.04,0.05,0.05,0.05
rp_lsfc_lai_mult=1.0
rp_lsfc_lai_mult_max=2.0
rp_lsfc_lai_mult_min=0.5
rp_lsfc_omega=0.101,0.083,0.132,0.135,0.115
rp_lsfc_omega_max=5*0.2
rp_lsfc_omega_min=0.05,0.05,0.1,0.1,0.1
rp_lsfc_omnir=0.788,0.545,0.864,0.787,0.785
rp_lsfc_omnir_max=0.9,0.6,0.9,0.9,0.9
rp_lsfc_omnir_min=0.7,0.4,0.6,0.6,0.6
rp_lsfc_orog_drag_param=0.001,0.15,0.2
rp_lsfc_z0_soil=1.00000e-3,1.00000e-3,1.00000e-3
!!rp_lsfc_z0_urban_mult=0.5,1.0,1.5
rp_lsfc_z0hm_pft=1.00,1.00,0.022,0.022,0.025
rp_lsfc_z0hm_pft_max=1.5,1.5,0.05,0.05,0.05
rp_lsfc_z0hm_pft_min=0.5,0.5,0.001,0.001,0.001
rp_lsfc_z0hm_soil=0.01,2.00000e-1,0.5
rp_lsfc_z0v=1.1,1.1,0.1,0.1,0.4
rp_lsfc_z0v_max=1.6,1.6,0.3,0.3,0.7
rp_lsfc_z0v_min=0.6,0.6,0.01,0.01,0.1
rp_mp_ci=1.0,1.0,1.0
rp_mp_fxd_cld_num=50.0e+06,150.0e+06,300.0e+06
rp_mp_ice_fspd=3600000.0,6000000.0,8400000.0
rp_mp_mp_czero=4.0,10.0,10.0
rp_mp_mpof=0.5,0.5,1.0
rp_mp_ndrop_surf=2.0e+06,1.0e+07,10.0e+07
rp_mp_snow_fspd=7.2,12.0,16.8
rp_ran_max=30
use_random_parameters=.true.
